0.11830903734558752,0.17232706528087885,0.18186873181103327,0.3226008274961561,0.35220964318763237,0.50202570150778481,0.51832711708322854,0.67010984519674566,0.73595972158053213,0.91302577056518308
0.10333999660833584,0.16706650053176203,0.18918751084596358,0.21910352540240213,0.33780195827835302,0.4200582482955465,0.49340811971166926,0.5542557486002887,0.6588419376051321,0.79297621096880788
0.1219956826738874,0.14519599522353138,0.20417984920358956,0.24264963956451366,0.33935074753025518,0.41187761161028963,0.45725413270849802,0.5205670737633119,0.7109900259661297,0.81368377287991245
0.13076155629093844,0.21912341778188144,0.22750870714515606,0.34277112881416133,0.38226675288693457,0.47988054257717466,0.55894885078358836,0.66805476348776605,0.78859932652528675,0.89955504005054709
0.10815927374789185,0.15480425153213592,0.1634879839148623,0.21447890183297075,0.34546976479578317,0.38400470174307566,0.42171420954644095,0.54712797515051337,0.68589221364126329,0.80564030342848303
0.1227495785474271,0.19378087452110146,0.25731807503882992,0.30585974179403991,0.38859123516021171,0.47917624192684094,0.55513896162659071,0.63659178362614299,0.77139893162901652,0.87088188778070197
0.11478319076553037,0.1428589815242885,0.21033228854413052,0.32401988497143397,0.38730903836960834,0.46571543345703587,0.58930922901422533,0.62146659385662673,0.723381818447417,0.90489009553956135
0.14974044404405493,0.16378176143035267,0.21164488411103161,0.23003518013037227,0.35819589977871202,0.41365904173906071,0.48948356836526702,0.5600192870852494,0.68217091299646471,0.80185245491969082
0.033598603248894854,0.26878182170865733,0.29458439420436788,0.29846150280148814,0.47096768627381769,0.59255130925758581,0.6038759574253828,0.70245965654029929,0.86406724977245719,0.98606093377851545
0.034401461864753458,0.059145029946037854,0.25736886259420372,0.27997701428642674,0.4131099766097559,0.47761054557797733,0.55031058553732382,0.64831196643605682,0.80628086341433913,0.96707592610106541
0.13776919286765743,0.14039760068335969,0.18860658904514541,0.19293051424658034,0.30376996448823074,0.36649596814990576,0.46875269129288,0.50791472177794683,0.66876001711280719,0.77423091327946902
0.075530189177886509,0.15765350061942526,0.21172681749228259,0.3055364171865847,0.35212206349615061,0.47986550429898078,0.55086468269785915,0.60726214319506444,0.74018861617672405,0.86355586561254616
0.14747586124610826,0.16575002896227117,0.1780214071811746,0.2647865296211897,0.36053337172605077,0.38702756417022771,0.45774879322869838,0.52497358094980695,0.68976417557127634,0.79680192014450413
0.1197447517776012,0.16936572781083309,0.19864200973224039,0.27202803589998403,0.34708640187336171,0.39118799415131394,0.51262836484635688,0.54884030913404713,0.71396458499854032,0.82130853136377513
0.0076457347957243956,0.17370678232216757,0.18526153531911194,0.30528933466453634,0.48248564605339617,0.61081545199369536,0.70629064678835674,0.76586045908618261,0.88701120568386038,0.96786701551860221
0.11429671776036231,0.17808614517050272,0.25182090962722897,0.28098806659436221,0.40695839798376277,0.44511523681068366,0.50821960071294003,0.62691891333539385,0.71659860970097045,0.85920790971803052
0.087470930193879443,0.16224434736185481,0.19476207319731284,0.29613681347796306,0.35688431302729245,0.47187001584700289,0.48023417190320228,0.59379333250867994,0.72559393860410049,0.86984759407759793
0.098347252764982004,0.1824836338966839,0.20180992008176765,0.26786235330292907,0.34284758305891561,0.37881635077916648,0.47245097753477855,0.54347755514346663,0.69095659957021649,0.8458461584265321
0.13338536069549436,0.13419971614979009,0.21750215136639653,0.2954864802734638,0.3607322229242329,0.47795774045088735,0.51537727541210232,0.60442940807633572,0.72478014200249619,0.83312389054778158
0.070516048826505792,0.16766813046664172,0.19382443999617496,0.19957840953297845,0.30255849123298306,0.39478799204562148,0.47501961991430636,0.54277739128790081,0.71107865440436635,0.78518492230763093
0.10091058130056026,0.15791181461975304,0.16567423140740511,0.21722318818134365,0.32532461535011881,0.43475471585284509,0.45753847008713361,0.53317818958367713,0.68416252899301677,0.8149542881804982
0.019109811812239919,0.08185301658760652,0.15261827200055286,0.21182359089082606,0.28226829453511953,0.29870540661856976,0.38699241736932311,0.58081531036399825,0.753062534033626,0.96014758699642844
0.025225407246094525,0.026721201447605782,0.17845500089130065,0.26462909874985807,0.32113035469487716,0.37153522107820597,0.58766892284509142,0.64337748607731271,0.79416109977238025,0.86708081374940948
0.0073379043111449467,0.04224185239026234,0.052100934124070269,0.19594216702915421,0.24676425173982552,0.29572718192152392,0.36884541499861973,0.54525728536718709,0.67435900475618316,0.96494500296001773
0.13564205931907766,0.16439721136301252,0.20758867873230014,0.2421280591785247,0.35578145414560836,0.42588506714825841,0.46083379110983408,0.53815907612444214,0.7358647107904448,0.86340883273199853
0.082799467779129096,0.1583395385081478,0.25307576826805578,0.3179939657719108,0.36481500490213897,0.44503713158537861,0.51578608864992115,0.61455539520149571,0.69641964247237598,0.85819500949569139
0.080071410090136491,0.14481722096085523,0.22239102614800582,0.31607424922712057,0.35910394043195359,0.49076734621223111,0.55492732532111744,0.64885330918267337,0.76171091068551411,0.91416819582093001
0.13260733575986614,0.19326754529001836,0.20081378146825007,0.2937118734219733,0.35659230250972962,0.42123096199471749,0.51745113132669696,0.55872209062080924,0.68874467049140109,0.8525701872493997
0.11759965661100334,0.16428223787014928,0.17356373424762003,0.26687647143216781,0.31459427065662565,0.42063790707785731,0.46557251938151711,0.56381906961849393,0.72633292414388884,0.81100738332887312
0.13470401946131735,0.16214174854397798,0.22822611473386589,0.32036780453455943,0.38293243476527561,0.48107510998657765,0.52624809218161439,0.67127723739153011,0.75176578664032834,0.89125233594367126
0.1078099521524068,0.1686458011200469,0.17745804096651413,0.22900881203626736,0.29468018419420122,0.39166867933669824,0.46589666651273121,0.49789605788973912,0.66351341049698187,0.8252134383334605
0.073039678593566124,0.095077016016245089,0.25924629301288882,0.33342204672207726,0.47194337149774307,0.62426597960607066,0.65564912824984045,0.68737016907148174,0.75662368542847669,0.92690132080376497
0.14401424543819763,0.1572542088615603,0.18074376732299419,0.25591276879962643,0.32229157823153437,0.43813211165834781,0.48047719574026215,0.5959895089481142,0.70713089101436455,0.85139239824255375
0.11646591677173786,0.16699210405082052,0.18401647271615593,0.20383330454070589,0.31414756888999268,0.39083909418340496,0.44189054922873977,0.48869518585830124,0.69406872619172055,0.7895089145367058
0.13180934789863075,0.18212634326147006,0.22799337278596052,0.35700544289242814,0.40497202148143691,0.50556697253234351,0.5743965243822774,0.68463810906735811,0.77432934726257907,0.9037917961052121
0.069152118820495462,0.14058412775885956,0.16719818623388685,0.30192222539258479,0.35402790466861211,0.41995272253836768,0.57814935440474091,0.59417501165133046,0.76250569544418134,0.88817995817126882
0.098129587849182215,0.13981584381894246,0.19535400198904868,0.30398536564679812,0.38343231821605284,0.51529964035785247,0.55273703026358612,0.63994925965282667,0.75495532239825613,0.91543693163336881
0.12114080535283261,0.17130602687234786,0.20210145036082955,0.29371056638930382,0.40162140236552207,0.43292156795108389,0.48819225023996732,0.57322159365328351,0.68823211230536829,0.83795503004552596
0.0928775714308476,0.16968863693781147,0.22056077336806476,0.29750497970423156,0.36244821963444868,0.41626159258483819,0.55049123620677254,0.58844749880281877,0.69536007153630874,0.8741967163803207
0.024619298768886997,0.10128473834070388,0.23726693706078689,0.38727345513347994,0.46580111542268099,0.53877534147642459,0.63293245934797837,0.7515724763775975,0.79604660590182696,0.89738887055616967
0.095964715363449749,0.15930409691805233,0.2017517720126363,0.23470736345432849,0.32459907522622988,0.40571959961658399,0.4642566826337664,0.52613038574668414,0.69841542488989183,0.83414932892040061
0.0038481997735518862,0.11968459568109817,0.22322585033947925,0.25331654523362368,0.47287561323564886,0.56077761465650311,0.57320465554335054,0.57611356671274816,0.86555127355331551,0.90852954412609754
0.089618755535008338,0.18840264054408071,0.25307319359819735,0.41193882591095504,0.4737595258932506,0.4887525758128195,0.5619790178377726,0.64057159858949264,0.84763417026796828,0.97466621179707069
0.12311013531984427,0.12428622479786601,0.18515124746507261,0.24851280302009304,0.32914186812997492,0.37548959343504779,0.46270630152068959,0.57149226089676786,0.72795229802100214,0.82059149775125229
0.11119544923209229,0.13924301506482503,0.23488008860736981,0.24748897045781471,0.3257597264041644,0.40780310340113496,0.49111173126187857,0.52280980111445785,0.67621358676993892,0.81839976889633903
0.086091289897160153,0.18630461266432838,0.22433457254478023,0.22972812794506969,0.32972068961819739,0.37990843102936039,0.46469269910876104,0.54573860920441242,0.70211554880118709,0.85997478828080165
0.11975571687033792,0.14168500530993561,0.20049437939140832,0.31076301356260899,0.35721809301715313,0.46679098847937078,0.57865673926873251,0.61705855693073142,0.77826315386037104,0.92062739126096005
0.1250300919646741,0.12803222647478868,0.20689018811171858,0.24315797138438447,0.29661559343257826,0.43950699408137112,0.52462461021898343,0.58325378929990801,0.71235896882459659,0.78706428552066576
0.13237301805592078,0.13290765834260207,0.24264784792285507,0.28881063695257453,0.40891213768228496,0.45163660373863734,0.53398701170304719,0.64444213807624129,0.77811744388928095,0.88447310729218764
0.084350469045901766,0.16450283875483798,0.21399021626610146,0.2900836674865736,0.36830209357905119,0.43858529177546773,0.54697082234339078,0.57680410683545291,0.7230500299867163,0.87250972009400374
0.046522824512172656,0.20238171021329132,0.29961214796056246,0.30633192988331981,0.42155687802449004,0.57005994327651888,0.61971281152587743,0.74157202472749573,0.92883510445398421,0.93218220137410934
0.098000527084061678,0.13909500594541016,0.19969971680225068,0.33403839968528393,0.3937692391837937,0.47251270150174335,0.59624593463349196,0.66080645854465148,0.70418307730914909,0.9707782748707372
0.11072337081660051,0.17581140605988993,0.23909011473265429,0.30308610310822665,0.36501041338291829,0.44330668873598084,0.5079041849438386,0.59975255542487815,0.75599493365451476,0.84689069605297462
0.090876474461024578,0.17557440917789105,0.1874367665359841,0.26360988217926817,0.33359462145086827,0.42298085977128058,0.47609950166313814,0.58714692048842465,0.70700915108066764,0.83214255676424187
0.097019619056063849,0.17253755906925397,0.1757906864443384,0.21096808641982112,0.32878307008916402,0.40548015303917634,0.46203495401897637,0.54924155645676676,0.73089630961446994,0.84111762570979298
0.13663356648200445,0.14798121705239989,0.19705440336041624,0.22875570867598635,0.30980377799655284,0.45084207663549042,0.46170384983747392,0.51324262161301126,0.70208235419439424,0.83329369140328546
0.071854543071005528,0.17816073374723243,0.21781604640917049,0.31556057277969013,0.39253990482071283,0.47996420315985722,0.54455286458688923,0.6469832691482007,0.68760214184718793,0.88778867707527609
0.10473818412792429,0.16883400932352977,0.23206520354037849,0.30074153608604459,0.43198115880204935,0.43216116387750603,0.57490161208324964,0.65836416003612841,0.76090690394469429,0.86839849481018738
0.11787905169715426,0.18982137857176723,0.19413788963245326,0.20949386611185672,0.35175829702457273,0.40442987794571611,0.49128747548187635,0.49604759431200052,0.72055848388205657,0.78266488304441006
0.094711616297869256,0.12275035594005622,0.25120465503749145,0.41395469569671833,0.46371674959202941,0.62404712994329548,0.76502937728173559,0.80899625486180426,0.97806781925873754,0.99970739638505357
0.10553138261549579,0.1661736487623113,0.2080291711510957,0.32359682902071524,0.38586253657524849,0.48456857332539971,0.58099339457674604,0.66871943239847975,0.74756598215409364,0.87858368922405972
0.027633679085413972,0.13429973092644448,0.23874105606586463,0.24767772305378605,0.27156301597976501,0.38498914456492167,0.48756301491783882,0.51050284573384208,0.66451711741865649,0.69752144927809223
0.022767515551426153,0.14764005424781371,0.17283525337215236,0.2606450587380173,0.32005251830272102,0.45460255427483037,0.54813811718925276,0.57519024315236134,0.70874361767453153,0.88465443870237714
0.07773223616326573,0.17783862872841955,0.2190016224812858,0.32274316195347086,0.37229130249818743,0.44482445611199928,0.55832749193766351,0.63830950489969052,0.76205056865413823,0.86750835048633101
0.11903644290395819,0.17552431212560912,0.21069166031224246,0.3366687554594926,0.38075050968345964,0.50423607069562781,0.56654287732540909,0.64765963684504935,0.72710645670137508,0.94648830418351049
0.089710881484614313,0.13580692303229708,0.21115503431632413,0.23176762009419899,0.33950438073377426,0.40926968831541088,0.44748019333320754,0.54230942026184303,0.68902646368200948,0.85368414177310181
0.11445795856443089,0.16154060954976351,0.23062688551521149,0.25998883436240761,0.32606814909016341,0.4521324742551408,0.54787188045562829,0.62495420146969638,0.7605381828629818,0.87347313694030226
0.11421715132481557,0.15489707029933997,0.22355707611834222,0.23792846963684192,0.31927038660599477,0.39405115072256763,0.48695790264808969,0.53068624422428989,0.73245447023254584,0.83882262227559246
0.13494417272637929,0.16472338477917051,0.17982827531530435,0.21505751217746683,0.33070172175933216,0.41058316334157058,0.49614177393253556,0.55540698542487543,0.69541795357453129,0.82802773186128087
0.11223988024941814,0.1429553089622283,0.19958171310847037,0.3372231383107327,0.36194622040467211,0.45924965919585103,0.55548597080751316,0.63448979979120346,0.76479087621894948,0.93169126940148439
0.14174007953911436,0.174230556774576,0.23547403318913035,0.25526455566466999,0.33740302664706345,0.40133833046414458,0.46904547133306218,0.51549224475418542,0.70740095328394914,0.79411038201958206
0.034799507903790813,0.11946843060651871,0.18215290181853103,0.23312011828174459,0.35507495842239828,0.51191415917493432,0.51718380277024334,0.5555120430901086,0.66095366030705294,0.92405170794677527
0.10314100777976325,0.18754650311517021,0.22658273678502577,0.27623843080346239,0.37479972831707886,0.44175865126538,0.53443544942564836,0.64160914268992442,0.74910716961295953,0.87709755593496541
0.13316044831840024,0.14975107057008016,0.18295291036222855,0.23310101734084729,0.33049342447658914,0.38794827483764316,0.48255308152568732,0.51851591472747538,0.69762550158418302,0.82859191536290355
0.16995321961517412,0.17325585990668624,0.19200277895553641,0.25247573651238292,0.33821948607316965,0.41609773103118392,0.49572873839760589,0.53692982625775598,0.66767975013619818,0.82591332576406151
0.11124180531543999,0.16064049673635813,0.18470408033793564,0.28597422285945889,0.33449977253897717,0.46416498654332866,0.52236958343005968,0.60452705963025644,0.72514848984709745,0.90262244468363317
0.12938360158046822,0.1830490149284576,0.19950626520952919,0.2813288253652998,0.30599170305340256,0.4285671887592658,0.4917492964089209,0.54482633722262375,0.71597727379663556,0.85461292896771535
0.13994469904096757,0.17538375538348003,0.18546956353706739,0.31502868235032155,0.37355304813476831,0.47351854074135508,0.54515242707913003,0.63687610661058547,0.77350209058567088,0.87976202871478748
0.072655392238721278,0.16043321207328609,0.19929850917956465,0.29588652024735912,0.36404243195978542,0.38767035200254713,0.46655778964570171,0.56295718719441235,0.7151634843239304,0.84267335198394322
0.039148677273694081,0.069477067447537344,0.13894671875857842,0.2677501181794168,0.31871075921970388,0.33655966123463726,0.47277835288000963,0.49917272586482642,0.57378139089248636,0.79109882321167735
0.10448100598970411,0.17795918691941046,0.22679335578889581,0.32443114673632578,0.36505359875985754,0.47331135562209992,0.52470699276096544,0.61694238081511732,0.74504434785758367,0.86069342215677525
0.12353358486084703,0.15063218139111667,0.18287723006387097,0.18904471368726941,0.32627054004233713,0.38916128951030776,0.45636251209581608,0.50786278295618947,0.66482226612736406,0.76344148117639488
0.11243633363628214,0.18458387312837402,0.21786612002594571,0.28873949760370704,0.35166005504358822,0.50255459143716263,0.55306744921935347,0.63372137926474859,0.72283711711744769,0.88161945330187275
0.12843527837443872,0.16342224091578908,0.18013527208113217,0.21799313102980536,0.3020393187713396,0.40524037774921601,0.45804097481518297,0.55973958610541019,0.70852968968005858,0.82428169290953479
0.11556676109311213,0.14863278963652193,0.17519520264523911,0.21719405025901947,0.30589762729025832,0.40948394090198581,0.480484693148713,0.53014253944082945,0.72986506486643477,0.79571111189154631
0.0077777416124272759,0.1516923165355672,0.23054486947595329,0.27595336042287016,0.40358790361083707,0.41915212361530457,0.4306054775581471,0.5778785880234919,0.6537718324966949,0.7264238591896387
0.055804185890390719,0.11601029549713794,0.12121057524928493,0.2718135978636666,0.30038421653701114,0.4219246798693293,0.65554637321971609,0.71905148402476449,0.73720741057005257,0.90609744917322288
0.15856836174941724,0.17257016366427472,0.23448759419962459,0.29973075133142979,0.34247975404856185,0.47697452271264185,0.54994091215460228,0.68333101844850008,0.75737142176294403,0.92679292844067984
0.1467800693242112,0.15040634186258786,0.18697476984216393,0.20922831271656614,0.33544208434495987,0.37804922839732025,0.47207926069267381,0.50825499080573899,0.66596506932404043,0.76975814294345368
0.13551811217697721,0.15646677499791006,0.19236133230380098,0.24495473133774243,0.35154296903594662,0.45308976980063376,0.48261847647728745,0.54296829434971128,0.70469198141758305,0.80625661539671289
0.11883635388606131,0.16126935821568369,0.1839708551087931,0.26382691601471497,0.35114555020160254,0.41789659616524438,0.46257303461748794,0.5190181461956036,0.66099720512878013,0.85013134754815733
0.091891974783127078,0.19338418539144428,0.21976483264435501,0.33268596341352363,0.35491475781211168,0.4293974930691124,0.46184247967325293,0.6084508641313694,0.67834320669562764,0.88735609429969242
0.092020479555324108,0.18600954136010417,0.19680736541170857,0.24841300696505136,0.31570977960425117,0.42033706807089033,0.50797812011694532,0.60335931000175858,0.7068908360679288,0.82604174767015448
0.14362774989624219,0.15646783387245652,0.19099398667921885,0.20260199950187019,0.32014622844119134,0.36786408493133999,0.46824749294737622,0.48582040518133013,0.69387069556723346,0.7398641887597921
0.11561131995305308,0.16934466272704574,0.17685708569975225,0.18609579943444071,0.33133564376793079,0.36183368370280011,0.45495272655762692,0.5372176979750205,0.69460183046727564,0.80935810490128768
0.13612752207360615,0.18710794372990561,0.18885204324076943,0.19686727388931569,0.33608824499681095,0.36162534079882441,0.46204147981334298,0.49174257877646033,0.68311071174000271,0.78179017291255393
0.1066661944875006,0.17114005141948677,0.19084069277853946,0.19670524627417824,0.30515562080639391,0.39473946627076395,0.44676234542592053,0.52012726873323845,0.69734767462979763,0.80330496585620903
0.072034724351711432,0.10998588843456035,0.24050994565169698,0.29127867358138465,0.32854691809617531,0.33171758421216091,0.4446886816975395,0.52277331674609973,0.58811201544269964,0.78309528218499347
0.14566754044388699,0.17759923755736887,0.18172552331469374,0.19656509503817368,0.32747731377935302,0.35874924184636203,0.48950011391056608,0.50388990567463943,0.67926609147732386,0.7711936212089161
0.14281180449914607,0.15302388524077834,0.18298979171916221,0.2063752401043647,0.31717981650262894,0.37082551963119315,0.46521729291644953,0.4896700561868037,0.67853058330188387,0.73740115324425903
